Some((
    red: 0.49803922,
    green: 0.5176471,
    blue: 0.6117647,
))