Some((
    red: 0.5372549,
    green: 0.70588243,
    blue: 0.98039216,
))